ContextDependency 1 0 ToPdf SE 0 [ 1 2 3 4 5 6 7 8 9 10 11 12 13 14 15 16 17 18 19 20 21 22 23 24 25 26 27 28 29 30 31 32 33 34 35 36 37 38 39 40 41 42 43 44 45 46 47 48 49 50 51 52 53 54 55 56 57 58 59 60 61 62 63 64 65 66 67 68 69 70 71 72 73 74 75 76 77 78 79 80 81 82 83 84 85 86 87 88 89 90 91 92 93 94 95 96 97 98 99 100 101 102 103 104 105 106 107 108 109 110 111 112 113 114 115 116 117 118 119 120 121 122 123 124 125 126 127 128 129 130 131 132 133 134 135 136 137 138 139 140 141 142 143 144 145 146 147 ]
{ SE 0 [ 1 2 3 4 5 6 7 8 9 10 11 12 13 14 15 16 17 18 19 20 21 22 23 24 25 26 27 28 29 30 31 32 33 34 35 36 37 38 39 40 41 42 43 44 45 46 47 48 49 50 51 52 53 54 55 56 57 58 59 60 61 62 63 64 65 66 67 ]
{ SE 0 [ 1 2 3 4 5 6 7 8 9 10 11 12 13 14 15 16 17 18 19 20 21 22 23 24 25 26 27 28 29 30 31 32 33 34 35 ]
{ SE 0 [ 1 2 3 4 5 6 7 8 9 10 ]
{ SE 0 [ 1 2 3 4 5 ]
{ TE -1 5 ( CE 0 CE 1 CE 2 CE 3 CE 4 ) 
TE -1 5 ( CE 5 CE 6 CE 7 CE 8 CE 9 ) 
} 
SE 0 [ 11 12 13 14 15 ]
{ TE -1 5 ( CE 10 CE 11 CE 12 CE 13 CE 14 ) 
SE 0 [ 16 17 18 19 20 21 22 23 24 25 26 27 28 29 30 31 ]
{ TE -1 3 ( CE 15 CE 16 CE 17 ) 
TE -1 3 ( CE 18 CE 19 CE 20 ) 
} 
} 
} 
SE 0 [ 36 37 38 39 40 41 42 43 ]
{ SE 0 [ 36 37 38 39 ]
{ TE -1 3 ( CE 21 CE 22 CE 23 ) 
TE -1 3 ( CE 24 CE 25 CE 26 ) 
} 
SE 0 [ 44 45 46 47 ]
{ TE -1 3 ( CE 27 CE 28 CE 29 ) 
SE 0 [ 48 49 50 51 52 53 54 55 56 57 58 59 60 61 62 63 ]
{ TE -1 3 ( CE 30 CE 31 CE 32 ) 
TE -1 3 ( CE 33 CE 34 CE 35 ) 
} 
} 
} 
} 
SE 0 [ 68 69 70 71 72 73 74 75 76 77 78 79 80 81 82 83 84 85 86 87 88 89 90 91 92 93 94 95 96 97 98 99 ]
{ SE 0 [ 68 69 70 71 72 73 74 75 ]
{ SE 0 [ 68 69 70 71 ]
{ TE -1 3 ( CE 36 CE 37 CE 38 ) 
TE -1 3 ( CE 39 CE 40 CE 41 ) 
} 
SE 0 [ 76 77 78 79 ]
{ TE -1 3 ( CE 42 CE 43 CE 44 ) 
SE 0 [ 80 81 82 83 84 85 86 87 88 89 90 91 92 93 94 95 ]
{ TE -1 3 ( CE 45 CE 46 CE 47 ) 
TE -1 3 ( CE 48 CE 49 CE 50 ) 
} 
} 
} 
SE 0 [ 100 101 102 103 104 105 106 107 108 109 110 111 112 113 114 115 116 117 118 119 120 121 122 123 ]
{ SE 0 [ 100 101 102 103 ]
{ TE -1 3 ( CE 51 CE 52 CE 53 ) 
SE 0 [ 104 105 106 107 ]
{ TE -1 3 ( CE 54 CE 55 CE 56 ) 
TE -1 3 ( CE 57 CE 58 CE 59 ) 
} 
} 
SE 0 [ 124 125 126 127 ]
{ TE -1 3 ( CE 60 CE 61 CE 62 ) 
SE 0 [ 128 129 130 131 ]
{ TE -1 3 ( CE 63 CE 64 CE 65 ) 
TE -1 3 ( CE 66 CE 67 CE 68 ) 
} 
} 
} 
} 
} 
SE 0 [ 148 149 150 151 152 153 154 155 156 157 158 159 160 161 162 163 164 165 166 167 168 169 170 171 172 173 174 175 176 177 178 179 180 181 182 183 184 185 186 187 188 189 190 191 192 193 194 195 196 197 198 199 200 201 202 203 204 205 206 207 208 209 210 211 212 213 214 215 216 217 218 219 220 221 222 223 224 225 226 227 228 229 230 231 232 233 234 235 236 237 238 239 240 241 242 243 244 245 246 247 ]
{ SE 0 [ 148 149 150 151 152 153 154 155 156 157 158 159 160 161 162 163 164 165 166 167 168 169 170 171 172 173 174 175 176 177 178 179 180 181 182 183 184 185 186 187 188 189 190 191 192 193 194 195 196 197 198 199 200 201 202 203 ]
{ SE 0 [ 148 149 150 151 152 153 154 155 156 157 158 159 160 161 162 163 164 165 166 167 ]
{ SE 0 [ 148 149 150 151 ]
{ TE -1 3 ( CE 69 CE 70 CE 71 ) 
TE -1 3 ( CE 72 CE 73 CE 74 ) 
} 
SE 0 [ 168 169 170 171 172 173 174 175 176 177 178 179 180 181 182 183 ]
{ TE -1 3 ( CE 75 CE 76 CE 77 ) 
SE 0 [ 184 185 186 187 ]
{ TE -1 3 ( CE 78 CE 79 CE 80 ) 
TE -1 3 ( CE 81 CE 82 CE 83 ) 
} 
} 
} 
SE 0 [ 204 205 206 207 208 209 210 211 ]
{ SE 0 [ 204 205 206 207 ]
{ TE -1 3 ( CE 84 CE 85 CE 86 ) 
TE -1 3 ( CE 87 CE 88 CE 89 ) 
} 
SE 0 [ 212 213 214 215 216 217 218 219 220 221 222 223 224 225 226 227 ]
{ TE -1 3 ( CE 90 CE 91 CE 92 ) 
SE 0 [ 228 229 230 231 232 233 234 235 236 237 238 239 240 241 242 243 ]
{ TE -1 3 ( CE 93 CE 94 CE 95 ) 
TE -1 3 ( CE 96 CE 97 CE 98 ) 
} 
} 
} 
} 
SE 0 [ 248 249 250 251 252 253 254 255 256 257 258 259 260 261 262 263 264 265 266 267 268 269 270 271 272 273 274 275 276 277 278 279 280 281 282 283 284 285 286 287 288 289 290 291 292 293 294 295 296 297 298 299 300 301 302 303 ]
{ SE 0 [ 248 249 250 251 252 253 254 255 256 257 258 259 260 261 262 263 264 265 266 267 268 269 270 271 272 273 274 275 276 277 278 279 ]
{ SE 0 [ 248 249 250 251 252 253 254 255 256 257 258 259 260 261 262 263 ]
{ TE -1 3 ( CE 99 CE 100 CE 101 ) 
TE -1 3 ( CE 102 CE 103 CE 104 ) 
} 
SE 0 [ 280 281 282 283 ]
{ TE -1 3 ( CE 105 CE 106 CE 107 ) 
SE 0 [ 284 285 286 287 ]
{ TE -1 3 ( CE 108 CE 109 CE 110 ) 
TE -1 3 ( CE 111 CE 112 CE 113 ) 
} 
} 
} 
SE 0 [ 304 305 306 307 308 309 310 311 312 313 314 315 316 317 318 319 320 321 322 323 324 325 326 327 ]
{ SE 0 [ 304 305 306 307 ]
{ TE -1 3 ( CE 114 CE 115 CE 116 ) 
SE 0 [ 308 309 310 311 ]
{ TE -1 3 ( CE 117 CE 118 CE 119 ) 
TE -1 3 ( CE 120 CE 121 CE 122 ) 
} 
} 
SE 0 [ 328 329 330 331 ]
{ TE -1 3 ( CE 123 CE 124 CE 125 ) 
SE 0 [ 332 333 334 335 336 337 338 339 340 341 342 343 344 345 346 347 ]
{ TE -1 3 ( CE 126 CE 127 CE 128 ) 
TE -1 3 ( CE 129 CE 130 CE 131 ) 
} 
} 
} 
} 
} 
} 
EndContextDependency 